id
28562317
799760084
21001534
276540738
365133030
480035350
2584939998
381919062
126632581
378127004
17093617
373471064
146930781
1284413826
230910214
198535174
21879024
24228314
47649891
9275742
17022440
400232938
580688795
305004294
143199004
16936717
22679419
9426102
399648607
32505133
441140407
307045715
534875649
478258714
18937505
21288052
240019111
17461978
23933866
19777398
375812508
432103647
61040833
25140900
15693493
17525171
19081001
9695312
27943891
26053643
14939981
15485441
115485051
2883841
783214
16825289
74580436
28201743
66237835
14780915
436215694
